s.txt
ncols         192
nrows         204
xllcorner     468978.06595598
yllcorner     3435733.6475932
cellsize      30
NODATA_value  -9999
[rows 0 to 27 of 204, columns 126 to 188 of 192]
3020.852 3034.271 3054.593 3071.806 3079.933 3083.79 3092.236 3113.253 3135.767 3157.041 3177.933 3195.982 3211.929 3221.975 3239.409 3264.81 3286.777 3302.519 3308.444 3311.065 3320.069 3337.428 3357.294 3371.642 3378.928 3383.149 3392.314 3403.024 3413.767 3427.844 3443.125 3452.001 3459.841 3470.781 3484.388 3504.289 3525.906 3550.702 3576.253 3599.953 3617.815 3637.163 3659.364 3679.25 3703.413 3735.738 3765.417 3789.774 3816.328 3840.987 3869.579 3890.064 3896.748 3897.427 3896.479 3896.754 3890.268 3879.568 3864.416 3849.711 3844.108 3853.711 -9999
3034.865 3053.29 3075.298 3093.802 3103.093 3106.572 3113.785 3131.796 3155.236 3177.01 3196.226 3213.311 3228.129 3238.5 3257.619 3284.839 3308.732 3322.667 3327.235 3325.949 3330.037 3343.613 3361.453 3378.282 3389.933 3394.715 3401.36 3411.191 3422.481 3436.458 3451.132 3461.041 3469.399 3479.394 3491.418 3510.28 3532.215 3558.155 3586.082 3611.011 3627.684 3644.429 3665.809 3685.033 3706.205 3738.62 3772.208 3797.487 3822.34 3849.51 3879.629 3901.093 3907.705 3910.344 3911.483 3910.608 3902.057 3888.865 3872.866 3860.236 3856.346 3863.479 3879.507
3053.878 3076.916 3103.454 3128.172 3138.538 3143.121 3154.314 3172.209 3192.022 3208.487 3226.286 3244.288 3257.247 3266.549 3287.316 3315.959 3340.408 3353.05 3355.285 3349.881 3348.056 3357.093 3372.991 3391.586 3407.881 3413.553 3416.41 3423.712 3435.967 3450.141 3463.064 3475.375 3485.762 3494.719 3505.103 3521.548 3542.619 3568.396 3600.075 3628.614 3646.713 3661.081 3679.815 3698.561 3718.73 3750.376 3787.051 3814.313 3836.72 3865.595 3897.703 3920.511 3929.573 3935.368 3938.995 3935.266 3922.871 3907.098 3892.306 3883.46 3881.898 3884.684 3893.896
3072.478 3093.918 3123.169 3153.28 3166.384 3172.819 3187.471 3209.346 3229.854 3242.029 3254.871 3273.371 3285.76 3294.562 3314.413 3340.625 3364.408 3378.222 3379.201 3372.313 3368.824 3376.333 3390.229 3407.566 3423.8 3429.164 3429.734 3434.569 3447.215 3462.207 3474.423 3488.288 3500.339 3508.955 3518.859 3533.11 3552.372 3576.311 3605.903 3635.603 3659.377 3678.087 3696.401 3714.879 3738.059 3768.867 3802.455 3832.358 3854.839 3880.778 3912.616 3937.42 3952.027 3959.507 3962.065 3955.401 3941.716 3928.101 3917.129 3910.228 3909.565 3910.205 3914.673
3090.397 3111.557 3139.964 3169.472 3187.072 3197.404 3213.827 3237.784 3260.678 3272.412 3279.113 3295.305 3309.941 3320.342 3336.385 3358.178 3381.427 3396.759 3398.858 3392.685 3390.462 3397.709 3408.98 3424.702 3438.782 3442.418 3442.446 3446.041 3458.502 3474.523 3487.479 3500.048 3511.978 3521.074 3531.083 3544.252 3560.97 3583.152 3608.273 3635.167 3663.356 3687.536 3711.751 3732.122 3754.833 3784.25 3813.691 3845.658 3872.87 3894.93 3922.241 3950.815 3972.689 3980.958 3981.683 3973.808 3963.066 3954.609 3946.477 3939.333 3938.147 3938.557 3939.962
3114.335 3135.964 3161.461 3189.011 3209.411 3224.188 3242.626 3266.523 3292.186 3305.041 3308.046 3316.654 3330.294 3343.082 3360.092 3380.756 3400.273 3413.59 3416.84 3412.581 3411.204 3416.835 3425.875 3440.387 3453.114 3455.767 3456.016 3459.212 3469.979 3485.856 3498.789 3509.054 3520.373 3532.159 3543.285 3555.208 3567.784 3586.709 3610.329 3636.705 3664.573 3690.142 3719.763 3746.142 3766.989 3792.345 3819.383 3852.814 3887.758 3908.961 3926.992 3952.776 3978.927 3992.648 3997.46 3992.463 3985.906 3980.619 3973.889 3966.131 3964.642 3965.921 3966.296
3141.306 3161.407 3185.709 3212.454 3234.045 3252.41 3274.623 3298.746 3325.797 3338.664 3338.701 3342.599 3354.571 3369.029 3388.555 3409.623 3424.561 3434.58 3437.686 3433.972 3432.042 3434.869 3442.231 3456.174 3467.501 3469.772 3470.108 3472.736 3480.756 3495.259 3507.431 3516.339 3527.741 3542.396 3555.514 3566.809 3577.467 3592.23 3612.946 3638.594 3665.031 3691.519 3719.921 3750.607 3772.794 3794.162 3820.177 3855.344 3895.219 3922.824 3936.657 3952.286 3973.536 3994.598 4010.154 4013.26 4010.296 4003.878 3995.547 3988.129 3989.887 3993.988 3995.341
3161.293 3181.097 3204.464 3232.41 3256.066 3278.402 3305.506 3330.882 3353.081 3363.683 3363.12 3371.034 3386.645 3400.847 3416.259 3436.412 3451.395 3460.518 3462.949 3457.312 3454.121 3455.655 3462.976 3475.769 3484.067 3485.719 3486.144 3487.358 3493.057 3505.482 3516.811 3525.048 3536.361 3551.308 3566.178 3578.763 3591.095 3604.881 3621.51 3641.776 3667.069 3692.419 3717.621 3745.853 3769.712 3792.24 3818.779 3853.906 3894.924 3933.389 3955.573 3967.547 3983.3 4002.003 4025.107 4036.433 4036.037 4028.446 4017.816 4011.985 4015.676 4021.679 4024.677
3167.793 3191.278 3215.734 3246.319 3271.505 3297.019 3326.568 3352.783 3371.686 3383.606 3387.308 3399.19 3417.52 3432.773 3447.182 3468.58 3483.948 3491.859 3494.146 3485.853 3479.021 3480.15 3487.129 3495.624 3500.479 3502.415 3503.523 3504.642 3508.109 3517.182 3527.554 3536.791 3546.718 3560.187 3575.509 3589.709 3604.132 3620.271 3634.669 3651.24 3672.284 3694.76 3716.751 3740.187 3765.272 3791.212 3818.637 3852.186 3893.462 3937.172 3970.822 3986.65 4002.803 4019.153 4042.079 4057.603 4058.689 4051.964 4041.773 4037.937 4041.238 4047.388 4051.563
3163.351 3192.365 3222.63 3255.011 3280.97 3307.673 3338.619 3366.087 3383.929 3399.674 3412.009 3427.23 3445.057 3462.801 3482.369 3507.411 3520.537 3526.087 3529.414 3520.556 3507.267 3505.233 3508.938 3511.829 3513.977 3515.904 3517.907 3520.476 3523.359 3530.072 3540.138 3550.216 3558.688 3569.658 3584.406 3599.617 3615.915 3633.026 3648.6 3664.244 3682.632 3703.927 3723.596 3744.003 3768.429 3792.628 3819.098 3850.478 3890.574 3934.658 3977.297 4003.985 4019.076 4036.863 4057.596 4074.276 4079.122 4073.721 4063.35 4059.845 4065.257 4073.24 4076.672
3159.231 3191.229 3225.702 3258.842 3287.938 3316.217 3346.942 3374.462 3392.633 3413.198 3433.545 3453.737 3473.232 3492.278 3514.7 3541.521 3556.154 3561.073 3563.65 3554.103 3536.16 3529.699 3528.511 3526.458 3526.462 3527.764 3530.087 3532.67 3535.936 3543.46 3553.562 3562.885 3570.543 3580.581 3594.3 3609.685 3626.465 3643.757 3660.894 3675.679 3692.475 3713.097 3734.05 3750.752 3771.022 3794.776 3819.789 3849.698 3887.589 3931.543 3977.548 4012.877 4029.39 4048.722 4068.114 4086.693 4094.696 4090.669 4082.318 4081.215 4089.271 4097.879 4098.003
3157.092 3189.29 3226.096 3259.006 3289.498 3319.639 3347.545 3371.93 3394.58 3420.125 3444.012 3470.935 3496.021 3517.129 3539.247 3563.49 3582.862 3591.598 3592.274 3579.74 3562.238 3555.217 3548.356 3540.456 3537.762 3538.466 3541.2 3542.361 3544.667 3553.083 3562.374 3573.274 3581.663 3590.131 3602.894 3620.15 3638.045 3655.6 3672.906 3686.614 3700.68 3717.573 3738.141 3757.562 3777.393 3799.135 3823.132 3850.726 3885.72 3928.419 3972.364 4004.842 4030.184 4052.542 4074.195 4095.21 4108.273 4107.654 4102.3 4103.625 4111.71 4117.331 4113.867
3160.585 3187.423 3222.459 3256.24 3284.25 3311.506 3335.067 3364.114 3391.177 3415.429 3441.932 3475.358 3502.94 3522.964 3543.656 3567.719 3591.423 3607.711 3611.727 3600.076 3585.879 3581.474 3571.196 3556.549 3549.17 3549.088 3552.027 3552.772 3553.926 3561.204 3571.719 3583.802 3593.404 3601.181 3612.594 3630.038 3647.881 3665.887 3682.757 3695.56 3707.15 3721.725 3739.968 3760.469 3783.266 3805.663 3828.613 3854.359 3885.552 3924.101 3965.301 3998.746 4025.652 4049.901 4073.334 4096.372 4116.12 4124.449 4123.314 4127.142 4134.986 4136.8 4130.287
3167.137 3187.469 3215.028 3245.284 3272.575 3297.106 3320.849 3351.906 3384.012 3408.308 3434.272 3463.843 3489.861 3511.416 3534.071 3561.111 3584.849 3605.704 3619.681 3616.761 3610.089 3606.444 3596.078 3581.083 3568.291 3564.672 3565.618 3566.596 3567.972 3574.371 3583.38 3595.404 3607.668 3617.135 3626.667 3640.489 3657.606 3675.631 3693.767 3706.749 3717.734 3729.338 3744.947 3765.188 3788.429 3812.903 3835.069 3858.838 3886.271 3918.669 3956.66 3995.355 4022.208 4044.339 4073.07 4099.573 4121.922 4138.061 4143.208 4148.161 4156.702 4156.125 4148.486
3170.755 3190.881 3213.225 3236.671 3261.312 3286.075 3314.118 3336.988 3369.342 3395.184 3419.582 3446.132 3471.484 3495.767 3521.764 3546.538 3567.792 3590.006 3612.17 3626.827 3633.479 3629.95 3618.441 3611.123 3598.343 3587.339 3584.638 3584.387 3585.615 3591.487 3599.525 3609.524 3622.017 3634.013 3644.167 3654.132 3667.15 3684.677 3703.91 3717.318 3728.885 3739.764 3752.756 3771.057 3793.121 3817.414 3840.81 3863.381 3887.033 3913.222 3944.304 3978.172 4004.172 4033.355 4074.368 4105.317 4128.588 4148.896 4160.328 4168.355 4178.391 4178.523 4170.168
3172.709 3192.5 3213.114 3234.013 3255.083 3276.713 3299.116 3322.761 3350.641 3379.27 3403.727 3426.329 3450.649 3474.376 3499.484 3524.976 3545.353 3568.81 3591.913 3619.351 3640.394 3646.002 3641.498 3638.609 3628.126 3612.886 3606.986 3604.823 3606.04 3612.562 3619.707 3628.435 3639.256 3650.678 3660.663 3668.916 3675.052 3690.926 3711.778 3727.309 3738.78 3750.673 3763.804 3779.782 3799.701 3821.224 3843.36 3867.022 3891.396 3915.238 3939.795 3965.431 3990.747 4028.868 4074.917 4110.026 4130.724 4153.036 4171.982 4186.185 4198.37 4200.295 4193.721
3171.429 3192.501 3213.63 3233.78 3253.995 3273.846 3294.585 3315.572 3337.661 3360.822 3384.577 3405.475 3424.645 3451.813 3476.789 3502.083 3524.387 3551.083 3573.953 3599.198 3623.118 3639.569 3655.828 3659.814 3648.509 3636.404 3630.427 3627.459 3627.913 3634.425 3642.039 3650.782 3660.41 3668.597 3675.749 3680.542 3685.038 3699.94 3722.365 3738.906 3748.02 3757.765 3773.501 3790.018 3808.39 3828.689 3849.621 3871.136 3894.36 3918.058 3941.119 3964.11 3993.695 4034.438 4077.68 4112.24 4132.522 4150.901 4172.906 4194.1 4213.379 4220.306 4215.203
3167.76 3187.654 3210.115 3233.499 3255.574 3274.815 3295.145 3315.808 3333.885 3354.346 3372.142 3387.136 3405.546 3432.808 3453.635 3481.347 3510.217 3537.983 3560.783 3583.929 3611.199 3637.464 3658.363 3673.424 3670.304 3660.04 3653.683 3651.317 3652.208 3658.41 3666.819 3674.279 3683.021 3687.701 3692.017 3696.111 3700.658 3716.802 3738.076 3750.612 3757.975 3767.756 3783.844 3800.695 3818.231 3837.821 3857.493 3877.498 3898.063 3920.275 3944.647 3966.906 3998.268 4038.98 4080.449 4115.496 4141.221 4164.296 4183.21 4202.424 4223.421 4236.566 4235.438
3152.051 3174.137 3202.779 3227.772 3249.6 3269.554 3289.582 3309.499 3328.254 3342.696 3353.399 3367.954 3386.378 3413.622 3438.532 3465.531 3497.828 3525.616 3544.005 3567.956 3602.995 3632.32 3652.4 3676.437 3684.184 3679.832 3675.241 3673.644 3674.715 3681.544 3690.591 3697.97 3705.62 3707.309 3708.947 3714.758 3722.109 3734.403 3752.793 3765.052 3772.174 3780.599 3794.389 3812.106 3829.57 3847.771 3867.034 3886.081 3906.134 3928.225 3952.732 3976.64 4006.001 4045.848 4087.036 4122.604 4152.577 4179.752 4200.749 4215.646 4234.95 4248.417 4246.056
3139.626 3163.56 3189.682 3217.03 3239.866 3261.424 3282.462 3302.375 3315.664 3321.907 3332.399 3352.021 3377.862 3407.457 3435.463 3461.697 3486.689 3510.793 3529.313 3558.116 3591.809 3620.954 3649.821 3676.967 3693.491 3696.71 3696.368 3695.731 3697.253 3703.917 3713.129 3722.246 3733.892 3734.41 3730.532 3733.514 3741.701 3753.59 3767.803 3780.103 3787.756 3795.901 3808.017 3826.262 3844.135 3860.901 3879.163 3898 3917.067 3938.906 3963.072 3987.852 4016.52 4054.395 4096.968 4132.589 4163.731 4193.709 4218.383 4236.118 4248.859 4261.132 4261.692
3141.8 3161.527 3183.918 3209.177 3232.351 3253.477 3273.382 3289.806 3296.33 3301.536 3317.069 3340.994 3370.048 3402.115 3429.307 3448.172 3467.185 3491.262 3517.626 3549.341 3579.538 3609.547 3647.205 3680.919 3702.384 3713.078 3716.097 3717.2 3719.086 3726.533 3737.632 3749.27 3763.653 3770.811 3763.11 3753.396 3757.209 3769.059 3781.885 3793.603 3801.926 3811.329 3824.52 3842.761 3861.352 3876.036 3891.018 3908.693 3929.242 3951.103 3973.665 3998.225 4027.588 4063.505 4103.194 4139.101 4171.676 4203.635 4230.214 4249.228 4264.282 4273.324 4274.724
3137.216 3156.426 3179.709 3204.316 3225.501 3243.968 3260.254 3272.262 3274.248 3283.857 3306.131 3329.805 3356.152 3387.644 3409.161 3430.245 3452.965 3480.37 3510.328 3541.588 3572.259 3603.517 3643.351 3680.538 3706.923 3724.848 3733.92 3736.942 3739.77 3751.104 3767.772 3784.091 3800.894 3805.198 3795.42 3775.043 3768.471 3778.189 3794.183 3808.468 3818.165 3827.505 3842.702 3861.911 3879.264 3893.23 3907.683 3922.366 3941.532 3965.193 3986.894 4006.468 4037.066 4070.98 4107.052 4143.927 4177.199 4209.568 4238.388 4261.177 4277.784 4283.939 4284.719
3129.064 3152.536 3176.373 3197.689 3213.437 3230.119 3244.676 3252.351 3252.953 3264.929 3290.082 3313.48 3336.217 3366.437 3395.085 3425.121 3446.294 3472.435 3502.655 3536.913 3569.082 3601.608 3641.616 3676.944 3706.441 3733.324 3751.738 3757.097 3760.189 3768.295 3786.605 3807.85 3825.961 3828.86 3816.557 3797.3 3785.397 3792.802 3808.281 3822.458 3833.627 3845.807 3860.93 3876.882 3892.522 3907.669 3923.812 3938.728 3954.219 3977.387 4001.066 4021.549 4048.287 4079.802 4113.668 4149.518 4183.518 4212.998 4242.369 4272.035 4288.904 4296.822 4296.323
3125.291 3148.181 3166.432 3181.903 3196.86 3212.437 3224.774 3229.863 3232.532 3248.315 3277.595 3303.068 3324.809 3348.802 3378.392 3405.864 3428.056 3459.524 3496.229 3534.957 3569.846 3602.67 3639.953 3675.545 3705.974 3733.581 3756.218 3764.22 3765.963 3774.951 3790.395 3810.47 3830.643 3838.809 3829.774 3812.965 3802.592 3808.343 3823.672 3837.874 3849.213 3863.475 3879.603 3893.798 3907.703 3923.241 3939.385 3955.112 3970.693 3990.279 4012.148 4034.87 4056.948 4086.573 4118.846 4154.325 4190.379 4217.952 4242.11 4272.753 4295.596 4307.907 4307.656
3116.205 3132.366 3147.25 3164.124 3179.278 3191.001 3201.155 3206.474 3214.749 3239.052 3264.488 3289.322 3307.934 3330.106 3357.147 3385.808 3416.459 3452.576 3492.453 3533.586 3571.5 3605.03 3637.105 3671.755 3699.365 3719.602 3732.891 3737.5 3739.711 3748.56 3767.643 3788.854 3817.733 3840.434 3840.967 3828.556 3820.541 3824.254 3838.22 3851.249 3863.595 3879.635 3897.066 3912.288 3925.417 3939.855 3955.307 3970.903 3987.123 4006.433 4030.3 4055.621 4075.404 4092.69 4121.504 4156.555 4193.66 4226.25 4254.081 4279.171 4306.34 4320.036 4320.009
3096.096 3111.988 3130.396 3147.247 3160.167 3169.802 3178.493 3184.256 3194.178 3217.398 3246.007 3272.403 3296.034 3320.063 3346.219 3374.912 3407.887 3445.662 3487.82 3529.294 3567.748 3600.529 3630.561 3661.148 3681.753 3692.429 3699.524 3704.647 3706.334 3721.51 3751.144 3778.202 3806.354 3832.36 3847.399 3843.715 3836.723 3839.494 3850.52 3862.015 3875.12 3893.868 3914.292 3931.182 3947.672 3959.989 3971.755 3986.259 4002.537 4024.152 4051.629 4079.681 4098.112 4104.228 4125.103 4157.457 4191.771 4224.363 4255.798 4280.095 4307.583 4326.815 4331.41
3075.544 3094.153 3111.893 3126.304 3138.788 3147.759 3153.668 3164.177 3182.298 3205.43 3227.37 3256.573 3286.394 3314.755 3342.064 3370.062 3401.802 3438.801 3479.891 3521.654 3556.249 3586.907 3614.022 3641.157 3654.578 3663.563 3672.17 3677.564 3682.024 3701.997 3734.65 3768.733 3799.628 3824.919 3845.241 3850.785 3848.655 3852.496 3863.427 3873.439 3886.47 3907.961 3931.043 3951.415 3970.511 3982.179 3988.849 4002.084 4018.625 4038.755 4062.769 4087.797 4109.85 4123.014 4134.063 4159.329 4188.636 4217.063 4245.087 4265.43 4293.66 4316.638 4330.834
3054.744 3072.477 3086.878 3100.489 3112.897 3122.246 3131.659 3148.217 3170.028 3192.02 3213.84 3245.573 3277.715 3308.801 3336.264 3362.643 3393.757 3429.035 3468.717 3511.059 3544.236 3570.724 3589.84 3610.591 3625.923 3638.692 3648.97 3654.328 3663.482 3682.185 3714.196 3752.973 3789.087 3816.12 3830.54 3834.969 3839.146 3852.878 3869.785 3881.526 3891.837 3911.724 3937.71 3961.896 3983.741 3999.401 4006.785 4017.845 4033.318 4052.036 4074.74 4097.463 4118.484 4135.601 4148.516 4164.62 4187.229 4211.119 4234.355 4255.996 4279.618 4302.941 4325.385
