s.txt
ncols         192
nrows         204
xllcorner     468978.06595598
yllcorner     3435733.6475932
cellsize      30
NODATA_value  -9999
[rows 112 to 139 of 204, columns 126 to 188 of 192]
2893.95 2888.182 2882.374 2875.517 2871.252 2868 2868.359 2870.822 2878.656 2890.272 2898.295 2905.956 2915.871 2925.345 2935.809 2947.471 2960.296 2972.735 2985.02 2997.405 3008.553 3016.379 3023.53 3033.259 3044.896 3057.032 3069.314 3082.871 3095.718 3108.299 3121.965 3135.257 3146.779 3158.769 3171.394 3185.057 3200.138 3215.072 3227.058 3235.281 3243.387 3254.6 3269.388 3288.568 3306.251 3318.953 3330.565 3344.218 3359.68 3376.726 3394.091 3410.394 3427.057 3443.894 3461.02 3478.956 3498.669 3517.281 3527.389 3530.195 3534.568 3542.473 3553.817
2905.329 2897.059 2890.967 2884.008 2876.833 2870.186 2868 2868 2869.451 2872.614 2878.832 2889.651 2908.054 2918.764 2929.335 2939.426 2951.746 2966.411 2980.276 2991.469 3001.241 3009.037 3015.031 3024.368 3036.879 3049.585 3061.753 3074.076 3086.975 3100.223 3113.08 3125.705 3137.946 3151.438 3165.857 3180.398 3193.642 3205.183 3214.153 3222.002 3231.888 3245.054 3260.309 3277.921 3294.036 3306.352 3319.544 3335.053 3351.567 3366.369 3381.857 3398.998 3418.358 3438.093 3456.849 3474.292 3491.368 3504.414 3510.562 3514.481 3520.325 3530.238 3544.071
2914.365 2905.598 2896.98 2888.74 2880.505 2872.436 2868.434 2868 2868 2868 2869.48 2872.769 2887.65 2906.063 2919.546 2930.102 2942.891 2958.211 2971.738 2983.65 2993.919 3001.477 3008.302 3018.135 3030.734 3042.713 3053.576 3064.479 3077.14 3089.778 3101.918 3115.104 3129.293 3144.094 3157.725 3170.482 3182.426 3193.644 3203.16 3213.007 3225.098 3239.387 3254.817 3270.854 3286.166 3298.394 3312.493 3329.476 3345.663 3359.196 3373.13 3391.043 3410.926 3430.989 3449.905 3465.948 3478.496 3486.584 3491.752 3498.574 3507.441 3519.524 3534.21
2923.809 2914.368 2900.439 2888.394 2880.857 2873.664 2869.428 2868 2868 2868 2868 2868 2872.086 2888.893 2905.094 2919.531 2932.873 2946.328 2958.723 2971.519 2983.653 2992.929 3001.601 3011.714 3023.825 3035.126 3044.761 3055.204 3066.357 3077.545 3090.864 3105.366 3118.967 3131.635 3144.59 3158.628 3172.262 3184.762 3195.78 3207.587 3220.952 3235.483 3251.906 3267.854 3282.004 3293.918 3308.526 3325.016 3339.604 3352.739 3367.365 3385.816 3404.927 3424.078 3441.653 3454.291 3461.872 3467.392 3473.645 3483.676 3495.94 3509.342 3523.375
2935.714 2923.883 2907.461 2891.362 2880.601 2873.887 2871.448 2870.853 2870.475 2870.086 2868.46 2868 2868.1 2874.215 2889.349 2906.863 2920.007 2932.904 2945.686 2958.064 2971.047 2981.679 2991.354 3002.258 3014.021 3025.102 3035.032 3044.631 3054.336 3065.854 3079.757 3094.074 3106.487 3118.569 3134.374 3150.684 3164.811 3178.001 3190.337 3203.006 3215.637 3229.005 3244.188 3258.902 3273.211 3287.933 3303.371 3318.469 3331.876 3345.573 3362.039 3380.646 3399.342 3416.844 3431.096 3439.766 3444.421 3449.527 3458.93 3472.552 3485.989 3499.327 3512.524
2945.823 2932.054 2916.711 2896.755 2881.381 2874.682 2874.217 2875.006 2875.276 2875.274 2872.666 2868.416 2868 2868.613 2875.875 2891.261 2905.552 2919.664 2933.544 2945.603 2958.115 2969.016 2980.156 2991.91 3003.73 3015.087 3024.811 3033.06 3043.684 3055.547 3068.959 3083.929 3097.18 3110.131 3126.854 3142.685 3156.39 3169.964 3183.219 3195.703 3206.854 3217.814 3229.785 3243.239 3259.735 3278.142 3295.559 3310.581 3323.482 3337.669 3354.368 3372.7 3390.493 3406.345 3417.51 3422.866 3426.604 3432.705 3445.586 3462.373 3475.997 3488.643 3500.66
2952.241 2939.43 2925.535 2905.774 2886.074 2877.641 2878.02 2879.088 2880.494 2881.123 2878.349 2873.095 2868 2868 2869.27 2876.949 2889.858 2904.738 2920.776 2934.223 2946.322 2957.142 2969.114 2982.012 2994.519 3006.016 3014.543 3023.209 3034.235 3045.334 3059.656 3076.316 3090.152 3101.942 3115.816 3129.778 3143.065 3157.348 3171.53 3184.72 3196.605 3206.782 3217.267 3230.529 3247.983 3267.402 3286.434 3302.685 3316.299 3330.765 3346.681 3363.389 3379.478 3393.626 3401.735 3404.625 3408.81 3417.494 3431.732 3449.254 3463.49 3476.418 3487.89
2960.784 2949.448 2936.465 2920.446 2898.702 2884.489 2881.796 2882.564 2884.471 2884.731 2881.891 2879.427 2871.629 2868 2867.914 2869.297 2876.578 2889.983 2906.783 2922.65 2936.662 2947.167 2959.352 2972.406 2984.939 2996.686 3005.937 3015.286 3024.884 3035.897 3051.729 3068.108 3080.948 3090.549 3101.039 3113.351 3126.651 3141.995 3157.525 3172.035 3184.679 3195.477 3207.58 3221.958 3239.934 3258.725 3276.795 3293.665 3309.475 3325.148 3340.778 3355.961 3370.502 3381.498 3385.494 3387.125 3392.802 3404.195 3418.315 3434.535 3448.86 3461.963 3473.779
2972.247 2962.755 2953.341 2939.98 2922.457 2903.005 2891.181 2887.323 2887.991 2887.716 2885.247 2883.238 2877.542 2869.338 2867.657 2867.5 2869.396 2877.844 2892.622 2911.034 2926.965 2938.164 2950.383 2962.492 2974.699 2987.953 2999.234 3007.677 3015.381 3027.066 3042.924 3058.583 3070.729 3078.571 3086.701 3097.564 3112.244 3128.734 3144.236 3158.052 3170.184 3183.317 3199.056 3216.7 3234.611 3252.156 3268.303 3284.713 3301.454 3318.7 3334.959 3349.813 3362.49 3369.002 3369.619 3371.46 3379.578 3392.043 3405.086 3419.824 3433.341 3445.318 3456.922
2984.279 2978.906 2972.047 2960.355 2949.359 2930.806 2909.541 2896.971 2892.807 2891.272 2889.143 2886.169 2882.64 2874.616 2868.348 2867.5 2867.5 2870.047 2880.473 2898.724 2916.959 2929.286 2940.635 2952.208 2965.065 2978.849 2990.707 2998.432 3003.702 3014.379 3029.875 3046.59 3059.712 3067.108 3074.399 3085.427 3100.606 3116.273 3130.879 3144.036 3158.173 3175.574 3194.385 3213.585 3230.609 3247.222 3262.402 3277.943 3293.821 3311.494 3328.737 3342.04 3350.055 3352.156 3351.816 3355.84 3366.903 3380.089 3392.387 3405.579 3417.163 3427.653 3438.346
3000.229 2997.912 2991.336 2981.484 2973.096 2956.52 2929.087 2909.619 2899.698 2895.551 2892.67 2889.098 2885.041 2880.075 2871.661 2867.922 2867.5 2867.5 2871.423 2885.582 2903.988 2917.69 2929.968 2942.801 2955.704 2967.272 2978.345 2985.566 2988.255 2997.688 3013.386 3031.116 3045.813 3054.833 3062.644 3075.168 3089.529 3104.418 3119.852 3134.84 3152.247 3172.18 3191.898 3209.585 3226.005 3241.927 3256.527 3271.734 3287.524 3305.542 3322.287 3330.173 3331.571 3330.781 3331.638 3339.501 3353.337 3367.572 3379.777 3391.1 3400.918 3410.142 3420.102
3020.344 3017.807 3009.901 2998.38 2985.465 2966.961 2938.959 2916.883 2904.495 2899.896 2896.026 2891.824 2886.112 2882.481 2876.351 2869.507 2867.577 2867.5 2867.5 2873.529 2888.347 2903.356 2918.775 2933.516 2945.549 2954.995 2964.413 2969.489 2972.044 2981.878 2996.641 3013.789 3029.227 3039.989 3047.993 3062.119 3078.296 3094.922 3111.831 3129.153 3148.333 3168.815 3188.215 3205.05 3220.743 3235.292 3249.327 3265.437 3282.72 3301.319 3313.148 3313.317 3310.664 3309.21 3313.074 3325.106 3340.673 3354.521 3365.65 3375.415 3384.167 3392.98 3402.552
3038.892 3032.458 3019.464 3002.489 2984.108 2961.131 2936.403 2916.238 2908.063 2910.073 2906.574 2898.834 2890.128 2884.83 2880.135 2872.822 2868.127 2867.5 2867.5 2867.5 2875.181 2889.591 2906.024 2921.771 2934.281 2942.963 2949.819 2953.157 2958.146 2968.518 2981.59 2996.971 3011.453 3021.742 3030.548 3047.108 3066.162 3084.463 3103.163 3122.755 3143.189 3164.174 3183.298 3199.204 3214.113 3227.901 3242.275 3260.063 3278.339 3293.481 3298.13 3293.426 3289.521 3290.44 3299.35 3313.357 3328.067 3340.409 3350.478 3358.763 3366.886 3375.963 3385.322
3050.858 3037.584 3019.851 2997.725 2978.328 2951.469 2928.048 2914.884 2918.23 2929.583 2928.12 2916.903 2901.711 2890.89 2884.481 2878.032 2870.184 2867.5 2867.5 2867.5 2868.207 2877.06 2891.432 2907.29 2921.557 2930.526 2936.105 2941.045 2947.727 2957.154 2969.522 2982.838 2994.117 3003.266 3016.096 3035.201 3054.632 3074.152 3094.826 3116.088 3137.125 3158.122 3176.325 3190.937 3205.041 3219.649 3235.772 3252.947 3266.909 3276.575 3279.783 3274.282 3270.66 3277.152 3289.924 3302.652 3314.742 3326.15 3334.315 3341.21 3350.884 3361.055 3370.901
3052.243 3033.765 3015.983 2991.52 2969.813 2943.224 2921.922 2919.513 2934.223 2950.841 2953.435 2943.876 2924.598 2907.391 2894.273 2885.919 2877.015 2869.056 2867.5 2867.5 2867.5 2869.064 2877.669 2889.866 2904.327 2916.596 2926.35 2934.849 2941.714 2948.804 2960.082 2971.269 2978.956 2989.202 3006.213 3027.009 3046.862 3066.677 3086.833 3107.801 3129.706 3150.468 3166.501 3180.946 3195.855 3211.502 3227.214 3238.843 3247.381 3257.031 3261.549 3256.429 3255.967 3267.756 3281.845 3293.456 3303.253 3311.747 3318.16 3327.382 3339.801 3351.516 3362.872
3044.714 3025.007 3006.602 2982.542 2957.616 2934.153 2922.606 2931.289 2950.476 2969.424 2977.43 2970.487 2952.575 2934.229 2915.149 2900.573 2889.078 2876.707 2868.395 2867.5 2867.5 2867.5 2868.912 2873.541 2881.897 2896.804 2912.156 2924.821 2934.865 2942.954 2952.519 2961.14 2968.27 2980.411 2997.927 3018.794 3038.504 3058.165 3078.455 3099.585 3121.887 3142.733 3157.979 3172.404 3187.325 3201.405 3212.315 3219.266 3228.362 3239.772 3243.871 3238.164 3243.268 3259.438 3275.01 3285.392 3292.583 3297.26 3304.009 3315.478 3329.322 3343.429 3359.412
3033.06 3014.716 2993.003 2970.138 2945.564 2930.52 2935.139 2950.391 2968.266 2985.539 2995.605 2991.885 2975.138 2958.277 2941.568 2923.372 2905.285 2891.197 2876.154 2870.069 2867.5 2867.5 2867.5 2867.5 2867.5 2876.374 2886.188 2901.644 2919.409 2933.945 2943.781 2951.764 2961.121 2972.577 2988.552 3008.583 3027.723 3047.183 3067.882 3090.553 3114.177 3135.904 3151.876 3164.787 3176.917 3188.02 3195.999 3201.679 3211.697 3222.34 3226.358 3222.012 3231.898 3250.343 3264.784 3272.022 3277.142 3282.258 3290.702 3303.521 3318.511 3337.417 3358.309
3018.041 2999.785 2978.581 2959.803 2942.25 2943.927 2960.301 2976.278 2990.46 3002.157 3008.72 3007.44 2993.794 2977.266 2962.307 2946.847 2928.636 2909.963 2895.124 2880.553 2870.99 2868.839 2868.671 2868.469 2868.129 2867.62 2867.5 2877.536 2895.473 2917.373 2932.807 2944.164 2954.424 2966.053 2981.703 2999.936 3018.461 3037.838 3059.012 3083.063 3107.635 3128.163 3141.646 3151.372 3161.179 3171.392 3179.373 3184.31 3193.069 3203.161 3208.289 3208.152 3222.188 3239.666 3248.757 3250.046 3254.51 3262.578 3275.654 3293.527 3313.071 3335.994 3358.223
3000.111 2979.93 2965.554 2958.823 2957.743 2968.165 2985.688 3001.614 3014.227 3022.36 3025.092 3023.212 3013.299 2998.892 2983.584 2967.659 2952.156 2935.372 2917.157 2900.75 2886.82 2876.153 2873.089 2872.089 2870.82 2868.993 2867.593 2867.743 2875.768 2896.365 2920.325 2936.748 2948.587 2963.052 2977.358 2994.854 3013.635 3033.461 3054.703 3078.415 3101.632 3116.676 3124.374 3133.337 3142.395 3151.905 3159.576 3164.089 3172.708 3184.399 3190.965 3195.826 3212.024 3226.859 3229.542 3226.02 3232.958 3248.238 3273.075 3296.475 3317.234 3337.618 3357.821
2980.331 2967.267 2964.615 2970.85 2977.908 2986.407 3002.837 3020.529 3034.145 3043.245 3044.447 3040.864 3033.538 3021.078 3003.244 2987.163 2973.781 2957.598 2938.415 2924.844 2910.757 2890.786 2879.551 2877.059 2875.177 2872.277 2867.736 2867.362 2868.033 2878.075 2901.562 2925.153 2941.721 2958.144 2973.937 2992.856 3012.887 3032.667 3052.084 3074.356 3095.091 3102.492 3105.125 3111.903 3120.787 3130.621 3137.393 3142.165 3153.177 3167.929 3177.199 3185.097 3199.485 3210.677 3210.647 3209.455 3224.957 3247.289 3278.45 3303.348 3322.725 3339.704 3357.057
2972.966 2975.41 2983.421 2989.03 2992.802 3000.618 3016.691 3035.889 3051.353 3062.464 3064.614 3058.367 3049.94 3038.302 3020.89 3003.777 2988.708 2972.138 2950.296 2937.684 2922.709 2903.061 2887.448 2882.229 2879.179 2873.66 2867.661 2867 2867 2867 2877.898 2906.222 2929.554 2950.257 2969.003 2989.851 3010.473 3027.564 3043.795 3062.615 3078.51 3082.218 3083.643 3089.015 3097.763 3107.785 3115.591 3122.522 3136.884 3153.209 3163.891 3171.489 3182.638 3190.493 3191.531 3200.936 3222.682 3245.163 3269.163 3291.153 3310.257 3326.527 3342.337
2985.321 2995.368 3003.168 3006.558 3008.958 3016.837 3032.569 3052.121 3068.875 3080.366 3082.239 3073.967 3061.805 3048.331 3031.001 3011.853 2993.837 2976.884 2956.691 2945.392 2927.271 2908.857 2895.186 2886.933 2881.786 2875.278 2868.94 2867.207 2867 2867 2867 2885.849 2915.861 2940.146 2963.349 2984.13 3000.047 3015.422 3030.921 3046.302 3056.999 3059.605 3063.065 3068.557 3076.536 3086.934 3095.838 3104.265 3119.247 3135.778 3146.19 3151.322 3158.749 3163.691 3167.657 3184.049 3204.612 3227.313 3250.453 3267.919 3285.282 3303.039 3318.148
3013.822 3020.94 3024.812 3027.313 3030.133 3036.444 3048.605 3066.333 3083.833 3094.581 3092.801 3081.18 3064.998 3048.742 3029.52 3007.948 2987.628 2970.631 2957.061 2942.666 2925.427 2910.755 2899.511 2893.266 2886.202 2878.083 2871.118 2868.445 2867 2867 2867 2875.371 2900.958 2929.38 2952.396 2970.896 2984.578 2998.672 3012.502 3025.018 3032.689 3036.981 3044.469 3051.676 3060.469 3071.159 3077.556 3082.673 3097.423 3114.074 3122.781 3126.404 3128.507 3129.299 3138.793 3163.557 3188.988 3209.552 3229.45 3246.961 3262.739 3280.691 3297.35
3042.025 3047.469 3048.702 3049.966 3052.088 3056.309 3065.172 3080.434 3097.897 3105.05 3095.722 3079.877 3060.536 3043.217 3024.682 3001.835 2980.807 2961.442 2949.404 2933.229 2920.499 2908.543 2908.368 2907.226 2897.852 2885.533 2875.089 2870.988 2867.207 2867 2867 2867 2884.738 2911.289 2932.625 2948.928 2962.431 2975.578 2988.062 2997.764 3002.862 3010.101 3023.678 3035.284 3046.486 3055.131 3056.712 3062.927 3080.399 3092.603 3097.504 3099.224 3098.272 3100.059 3110.792 3138.497 3162.261 3183.213 3203.323 3224.429 3242.254 3262.519 3276.415
3069.687 3073.47 3072.29 3071.65 3072.34 3076.298 3083.762 3096.943 3111.743 3112.926 3098.893 3081.893 3058.151 3039.696 3026.104 3008.375 2982.972 2958.756 2944.647 2932.015 2918.574 2913.378 2923.996 2926.198 2915.032 2900.121 2886.42 2876.768 2869.191 2867 2867 2867 2867 2887.445 2908.581 2924.026 2936.554 2949.166 2961.236 2969.743 2977.256 2987.516 3000.712 3013.004 3024.478 3030.579 3032.634 3043.045 3062.149 3071.062 3068.299 3057.806 3058.636 3074.981 3096.156 3119.715 3140.209 3162.139 3181.119 3201.792 3222.84 3239.484 3250.288
3092.341 3097.017 3096.166 3092.264 3091.837 3098.199 3106.505 3117.469 3128.002 3122.63 3104.876 3084.849 3063.965 3044.077 3026.446 3004.543 2978.903 2957.593 2946.983 2934.12 2920.641 2923.913 2936.045 2941.075 2932.3 2914.907 2898.387 2886.405 2875.522 2867.574 2867 2867 2867 2867 2885.575 2900.328 2914.612 2927.832 2939.448 2949.021 2957.656 2969.166 2981.311 2990.226 2998.311 3004.146 3009.273 3023.466 3040.249 3047.591 3041.731 3033.722 3038.332 3061.097 3081.627 3097.979 3123.798 3145.748 3164.884 3185.063 3203.354 3215.076 3223.978
3106.831 3117.207 3120.748 3119.322 3120.438 3125.618 3131.28 3139.84 3142.56 3125.843 3100.112 3075.939 3057.808 3033.649 3014.952 2995.569 2973.492 2957.296 2948.871 2933.245 2926.713 2940.363 2952.112 2955.564 2947.106 2930.114 2912.056 2898.399 2886.314 2874.657 2867.364 2867 2867 2867 2867 2880.97 2894.97 2909.876 2922.246 2931.478 2938.102 2946.844 2956.866 2967.323 2975.387 2979.901 2986.078 2999.96 3013.533 3022.099 3018.435 3012.14 3021.659 3044.354 3061.918 3075.325 3096.288 3125.176 3147.359 3165.604 3182.605 3191.009 3198.986
3118.045 3132.059 3141.012 3146.839 3152.367 3156.357 3157.189 3156.494 3145.463 3123.476 3098.432 3072.109 3048.686 3023.56 3000.52 2983.316 2968.209 2958.541 2948.697 2933.082 2940.214 2956.86 2969.085 2972.264 2963.858 2942.385 2923.503 2909.419 2897.272 2886.368 2874.043 2867.253 2867.078 2867.006 2867 2867.837 2875.893 2887.377 2900.611 2907.914 2912.797 2923.296 2933.841 2943.421 2951.3 2955.732 2962.985 2975.412 2989.189 2996.178 2994.352 2990.165 3002.564 3022.651 3039.3 3053.768 3075.578 3104.344 3128.092 3147.396 3157.729 3165.004 3174.396
