s.txt
ncols         192
nrows         204
xllcorner     468978.06595598
yllcorner     3435733.6475932
cellsize      30
NODATA_value  -9999
[rows 28 to 55 of 204, columns 126 to 188 of 192]
3031.799 3046.641 3061.042 3076.872 3091.32 3105.368 3122.082 3138.852 3156.332 3175.605 3199.957 3234.802 3270.161 3299.897 3324.281 3352.206 3383.685 3417.851 3457.612 3499.482 3531.196 3552.355 3569.021 3584.581 3597.538 3612.35 3622.358 3632.377 3644.515 3658.286 3694.837 3740.333 3776.839 3801.376 3809.92 3810.621 3822.522 3844.912 3859.368 3871.247 3882.758 3899.056 3922.407 3950.767 3979.701 4002.899 4019.899 4031.456 4046.817 4064.385 4084.784 4108.511 4133.616 4152.839 4166.917 4177.844 4194.244 4215.058 4236.44 4257.23 4278.967 4301.175 4324.716
3022.744 3036.285 3050.461 3066.663 3084.67 3102.842 3119.982 3137.925 3153.793 3170.254 3193.693 3228.201 3263.498 3291.327 3317.406 3348.295 3378.483 3409.536 3446.771 3488.72 3516.961 3535.035 3551.443 3562.572 3570.564 3581.057 3594.597 3615.249 3636.328 3651.189 3688.005 3734.839 3771.654 3788.157 3788.515 3787.489 3805.231 3830.026 3842.007 3855.114 3869.583 3886.291 3908.015 3937.382 3970.555 3992.519 4015.445 4034.015 4053.967 4075 4094.266 4117.889 4143.181 4169.516 4185.384 4195.108 4210.88 4230.445 4249.1 4267.195 4286.184 4307.746 4331.407
3025.911 3039.783 3054.273 3070.447 3087.799 3105.498 3123.186 3141.156 3158.142 3176.75 3197.82 3226.785 3260.365 3292.541 3321.44 3350.146 3375.955 3399.794 3431.461 3470.825 3497.179 3516.088 3530.648 3538.567 3546.529 3564.734 3588.112 3613.613 3636.215 3657.049 3690.472 3730.975 3759.229 3765.454 3763.12 3768.688 3786.963 3807.025 3824.053 3841.278 3857.989 3875.662 3895.604 3924.723 3954.363 3979.697 4002.456 4026.365 4052.23 4074.268 4096.653 4120.345 4144.651 4167.981 4189.08 4207.67 4225.611 4245.477 4263.625 4282.29 4299.082 4318.28 4340.297
3030.341 3046.346 3062.453 3078.552 3096.054 3115.679 3135.081 3151.36 3168.123 3187.329 3204.44 3227.544 3259.209 3295.245 3328.182 3355.239 3373.874 3388.544 3412.158 3444.429 3468.004 3489.633 3505.927 3514.888 3529.539 3557.512 3587.026 3614.617 3637.189 3658.216 3687.942 3717.919 3733.12 3734.76 3735.654 3747.458 3768.798 3793.452 3818.323 3836.613 3853.808 3871.797 3891.371 3914.032 3939.249 3964.844 3987.279 4013.411 4043.324 4071.288 4094.375 4113.26 4132.617 4150.445 4174.46 4199.695 4218.539 4239.302 4261.793 4284.176 4306.84 4325.479 4347.085
3042.899 3058.284 3073.424 3089.361 3105.501 3124.319 3144.803 3164.8 3179.872 3197.921 3216.712 3234.509 3258.022 3291.321 3325.901 3347.742 3359.099 3371.815 3391.54 3416.128 3437.716 3458.738 3478.642 3494.649 3516.747 3547.933 3579.065 3602.141 3622.004 3643.446 3666.645 3687.292 3699.446 3705.851 3715.951 3736.308 3759.742 3785.722 3818.599 3841.543 3857.019 3871.69 3889.186 3908.223 3929.66 3953.125 3976.664 4001.75 4031.787 4063.192 4082.636 4095.147 4111.506 4130.826 4155.065 4181.103 4206.19 4229.541 4249.074 4269.436 4296.808 4321.31 4345.548
3069.984 3082.782 3094.19 3105.301 3118.436 3136.497 3161.657 3185.259 3197.687 3215.261 3236.083 3251.327 3264.82 3284.589 3309.062 3328.587 3344.996 3363.151 3382.08 3400.55 3419.605 3439.45 3459.248 3480.595 3504.439 3532.91 3561.206 3581.704 3601.811 3622.788 3639.82 3656.213 3670.889 3687.412 3708.343 3730.323 3756.224 3785.297 3815.391 3840.629 3856.232 3870.47 3886.517 3904.177 3921.834 3943.612 3967.657 3993.596 4020.56 4046.135 4062.937 4077.973 4096.956 4118.813 4143.175 4169.298 4195.394 4216.853 4235.57 4256.519 4285.065 4310.658 4332.557
3098.188 3109.075 3119.326 3128.081 3137.479 3153.375 3179.063 3203.649 3218.212 3232.004 3253.503 3273.271 3284.735 3294.377 3308.776 3325.885 3345.066 3365.705 3385.106 3402.479 3421.497 3440.888 3460.593 3478.141 3494.226 3514.604 3538.049 3558.673 3578.525 3597.407 3615.449 3634.768 3655.507 3678.179 3703.626 3727.736 3752.069 3777.432 3802.003 3825.769 3845.212 3862.977 3881.116 3899.148 3916.939 3938.542 3962.427 3986.313 4008.604 4029.643 4048.767 4068.651 4089.914 4112.634 4136.065 4159.992 4184.125 4210.235 4233.478 4251.811 4275.015 4296.613 4318.294
3122.347 3134.152 3145.048 3153.253 3159.32 3170.723 3192.33 3219.48 3238.236 3252.046 3272.609 3300.591 3314.668 3319.485 3325.726 3337.828 3355.325 3376.521 3397.614 3416.88 3435.494 3457.395 3478.082 3495.125 3501.01 3511.897 3529.3 3548.82 3568.887 3589.687 3610.597 3632.459 3655.202 3678.279 3701.49 3724.681 3746.929 3769.412 3790.914 3812.856 3834.455 3855.384 3875.829 3895.609 3915.054 3935.241 3957.471 3979.927 4003.664 4026.448 4047.943 4068.266 4088.862 4108.488 4128.409 4149.933 4173.354 4200.953 4228.512 4246.278 4266.134 4287.113 4308.275
3138.113 3157.938 3172.106 3181.593 3190.778 3197.531 3207.61 3229.675 3253.296 3270.894 3289.205 3313.685 3334.654 3345.104 3351.873 3360.071 3377.833 3401.657 3423.489 3440.163 3454.629 3474.693 3498.212 3517.576 3520.962 3528.093 3539.104 3553.77 3572.366 3594.076 3615.709 3638.176 3660.388 3681.896 3703.027 3724.342 3745.579 3766.596 3786.823 3807.043 3829.198 3852.169 3876.398 3898.498 3918.332 3933.379 3950.411 3971.093 3995.801 4019.691 4042.917 4067.15 4086.16 4099.574 4118.845 4142.703 4162.01 4183.05 4212.536 4239.186 4262.521 4282.391 4298.23
3146.097 3172.149 3193.264 3206.928 3219.545 3225.874 3229.229 3242.973 3261.94 3282.083 3303.781 3327.502 3349.852 3367.03 3382.353 3395.789 3413.132 3438.299 3460.667 3474.167 3479.725 3486.477 3505.784 3527.026 3538.882 3549.703 3559.457 3569.778 3584 3602.84 3622.41 3644.101 3665.689 3686.002 3705.957 3726.47 3746.953 3767.448 3787.354 3807.412 3828.619 3854.096 3881.58 3907.843 3927.074 3938.742 3949.645 3964.159 3983.884 4005.361 4026.432 4049.95 4069.466 4083.981 4103.674 4127.596 4147.256 4167.166 4195.892 4227.526 4252.151 4270.917 4288.214
3150.44 3175.865 3199.371 3220.406 3238.747 3247.925 3252.31 3263.894 3279.271 3298.224 3320.66 3345.817 3368.703 3387.124 3408.329 3432.303 3452.474 3478.084 3501.495 3515.044 3515.907 3510.776 3522.372 3540.924 3557.389 3571.307 3581.209 3587.778 3597.157 3613.566 3632.837 3652.688 3671.69 3691.311 3711.14 3731.121 3751.291 3771.744 3791.269 3811.108 3831.567 3855.785 3881.349 3906.682 3926.208 3940.689 3951.661 3961.351 3974.735 3992.465 4011.57 4032.058 4052.268 4070.969 4090.756 4112.367 4134.023 4159.853 4185.265 4211.294 4234.391 4254.67 4277.972
3152.034 3175.32 3198.67 3222.22 3245.369 3261.635 3274.035 3288.885 3306.766 3327.418 3348.344 3368.934 3392.517 3415.956 3436.491 3462.818 3488.709 3515.169 3534.632 3548.875 3552.887 3543.308 3548.281 3563.954 3578.264 3591.718 3603.034 3607.1 3613.255 3627.344 3644.948 3664.657 3681.526 3698.468 3717.604 3737.453 3757.05 3777.242 3796.954 3816.223 3836.293 3857.354 3879.28 3901.17 3920.673 3936.685 3948.202 3956.486 3968.326 3985.415 4004.611 4024.083 4043.744 4062.983 4083.825 4105.28 4127.049 4153.094 4177.054 4200.574 4221.271 4241.69 4264.13
3144.579 3170.097 3195.219 3219.577 3243.759 3265.031 3286.97 3308.55 3330.887 3354.322 3375.214 3391.989 3414.434 3443.396 3465.229 3487.733 3515.479 3542.912 3562.115 3576.741 3581.852 3573 3574.344 3587.441 3600.083 3612.964 3625.195 3631.802 3635.782 3643.733 3656.956 3677.21 3698.059 3712.371 3728.261 3746.288 3763.114 3781.553 3801.011 3821.067 3841.306 3861.214 3881.725 3902.317 3921.315 3936.117 3945.833 3953.414 3964.409 3980.834 3999.922 4019.18 4038.542 4058.189 4079.876 4101.153 4122.113 4144.298 4167.54 4191.34 4211.557 4232.055 4252.73
3133.608 3162.799 3193.391 3218.502 3241.995 3265.276 3290.285 3314.567 3337.867 3361.021 3381.324 3399.964 3424.12 3454.824 3481.896 3507.564 3535.223 3561.537 3586.259 3600.969 3606.029 3600.193 3601.09 3611.942 3622.755 3634.031 3646.922 3657.905 3662.013 3661.768 3668.804 3684.895 3709.307 3729.453 3744.896 3758.68 3770.65 3786.077 3803.885 3823.865 3844.465 3865.241 3885.862 3906.175 3925.222 3940.177 3949.316 3955.463 3963.729 3977.409 3995.39 4015.141 4035.093 4055.773 4077.331 4097.852 4117.237 4137.844 4159.317 4181.262 4205.815 4229.641 4251.937
3125.362 3155.793 3190.102 3217.073 3239.067 3262.64 3286.706 3309.211 3329.445 3350.041 3371.994 3394.369 3420.941 3454.717 3488.047 3518.405 3545.091 3571.012 3600.385 3618.505 3626.381 3622.889 3621.401 3634.972 3647.861 3656.958 3668.912 3681.07 3685.887 3682.835 3683.143 3693.123 3713.158 3737.207 3756.295 3769.705 3779.427 3791.963 3808.081 3826.448 3846.181 3867.288 3887.866 3908.049 3927.397 3943.914 3954.012 3958.878 3965.893 3978.493 3995.419 4014.665 4033.766 4053.063 4073.127 4093.383 4112.562 4131.997 4153.175 4175.34 4202.506 4228.214 4249.585
3114.67 3148.342 3184.738 3215.27 3238.518 3262.125 3285.007 3303.489 3320.285 3342.308 3368.748 3394.903 3420.682 3456.649 3492.238 3520.722 3546.327 3573.097 3604.764 3629.97 3639.434 3638.533 3637.328 3650.99 3667.778 3679.954 3692.366 3704.285 3710.483 3707.334 3700.688 3706.25 3720.03 3740.334 3761.687 3778.367 3790.433 3801.305 3815.462 3832.432 3850.458 3870.165 3889.728 3908.918 3927.79 3945.321 3957.71 3964.368 3971.785 3984.365 4000.552 4017.943 4033.812 4049.464 4066.694 4085.819 4105.296 4125.546 4147.122 4169.97 4193.402 4216.934 4237.499
3101.105 3138.55 3177.346 3211.903 3239.485 3264.257 3285.576 3302.856 3321.076 3345.904 3373.822 3402.509 3429.724 3464.13 3495.776 3521.013 3545.82 3572.281 3602.326 3632.233 3646.943 3650.833 3656.772 3667.46 3683.316 3701.221 3719.602 3732.102 3739.432 3728.845 3719.575 3720.319 3730.871 3748.252 3769.523 3788.837 3804.719 3816.279 3828.083 3843.467 3859.705 3877.711 3896.082 3914.519 3932.757 3949.116 3962.615 3972.359 3980.891 3992.326 4006.03 4020.939 4034.536 4047.426 4061.394 4078.31 4097.637 4119.217 4140.674 4162.508 4182.169 4203.259 4225.699
3092.501 3130.45 3170.397 3207.707 3238.484 3264.744 3285.821 3305.241 3327.002 3352.897 3380.595 3409.887 3439.457 3470.822 3497.496 3521.717 3545.983 3569.24 3594.102 3625.402 3649.458 3662.078 3676.287 3689.075 3703.226 3722.693 3745.708 3758.285 3760.192 3744.804 3736.602 3735.87 3744.661 3759.374 3778.611 3799.237 3818.42 3833.188 3845.211 3859.391 3873.919 3890.062 3907.944 3927.348 3945.511 3959.129 3970.92 3981.16 3990.523 4000.573 4011.439 4023.768 4036.527 4049.052 4061.11 4075.833 4093.721 4112.718 4132.205 4151.869 4172.117 4192.045 4213.965
3090.594 3127.41 3167.121 3205.268 3237.214 3264.631 3287.941 3309.015 3331.944 3359.24 3388.625 3417.299 3444.599 3472.778 3498.458 3523.022 3548.253 3566.753 3587.136 3618.069 3644.485 3668.518 3690.724 3708.318 3722.238 3739.592 3761.387 3773.884 3769.004 3759.388 3752.636 3754.107 3762.058 3774.453 3790.652 3811.097 3832.727 3850.114 3863.936 3877.913 3891.785 3906.582 3924.424 3945.256 3961.334 3972.267 3981.962 3991.369 4000.684 4010.505 4020.313 4030.605 4042.136 4054.728 4066.716 4079.16 4093.603 4108.364 4124.858 4143.317 4163.944 4183.983 4204.291
3091.762 3128.03 3167.331 3205.009 3236.862 3265.151 3291.038 3315.581 3338.83 3364.871 3393.998 3420.902 3444.943 3470.219 3498.005 3524.419 3550.73 3569.367 3587.809 3614.568 3638.514 3670.493 3697.653 3717.764 3732.335 3749.754 3770.59 3782.881 3778.017 3774.167 3771.902 3773.801 3781.357 3793.269 3809.862 3830.535 3851.995 3867.983 3881.625 3895.792 3910.34 3925.664 3943.594 3964.199 3978.027 3987.595 3995.811 4003.603 4012.302 4022.171 4032.268 4042.539 4054.047 4065.686 4076.894 4086.953 4097.218 4108.389 4122.864 4139.43 4158.477 4178.017 4197.521
3095.709 3132.11 3170.53 3207.066 3237.417 3265.128 3293.676 3320.859 3343.221 3366.548 3392.726 3417.334 3440.255 3464.916 3494.423 3522.529 3547.963 3569.89 3589.369 3611.384 3634.756 3665.121 3690.85 3711.023 3730.485 3752.983 3776.925 3790.434 3788.668 3790.429 3790.697 3793.751 3801.627 3813.49 3831.262 3851.405 3871.146 3885.283 3897.775 3912.182 3927.453 3944.021 3961.934 3980.492 3995.72 4006.448 4014.022 4018.023 4024.902 4034.555 4045.113 4056.523 4069.492 4080.667 4091.218 4099.413 4106.7 4115.101 4126.412 4140.503 4157.536 4174.903 4192.517
3100.799 3135.252 3171.696 3207.335 3235.564 3260.053 3287.82 3315.882 3337.399 3361.31 3385.312 3406.317 3428.578 3456.322 3487.646 3515.248 3537.768 3557.906 3578.71 3600.814 3625.107 3649.168 3673.246 3696.931 3722.807 3748.413 3775.133 3794.914 3799.438 3804.199 3807.433 3813.749 3822.549 3834.372 3849.83 3868.779 3889.39 3904.737 3916.016 3928.459 3943.395 3959.329 3976.698 3994.659 4011.24 4026.277 4034.735 4034.794 4038.72 4047.527 4058.39 4070.768 4086.038 4100.259 4110.94 4116.55 4121.658 4128.104 4135.814 4146.783 4161.518 4176.462 4191.672
3101.883 3132.086 3165.638 3199.712 3225.712 3247.406 3272.235 3302.731 3325.008 3349.395 3371.508 3390.077 3411.475 3441.01 3475.706 3503.334 3524.121 3541.499 3560.99 3585.651 3613.823 3638.653 3662.011 3689.163 3716.656 3743.829 3769.526 3791.351 3801.903 3807.552 3815.562 3828.429 3840.39 3854.46 3871.386 3888.541 3905.835 3922.384 3936.335 3947.28 3958.887 3973.04 3989.834 4008.398 4027.04 4043.768 4053.271 4053.095 4054.773 4061.871 4072.929 4085.753 4102.135 4120.132 4133.94 4137.685 4138.66 4143.21 4149.146 4158.193 4169.306 4180.62 4193.958
3097.943 3125.281 3154.368 3184.377 3207.873 3230.434 3259.279 3287.97 3309.37 3331.106 3351.142 3373.048 3396.297 3425.488 3461.528 3491.561 3514.279 3533.883 3554.518 3580.229 3609.782 3631.113 3651.966 3679.663 3706.684 3736.007 3757.683 3773.485 3784.38 3793.698 3809.096 3827.515 3844.838 3864.029 3887.015 3908.436 3918.586 3933.55 3951.384 3964.05 3973.407 3987.047 4004.159 4022.153 4040.085 4056.486 4067.777 4070.892 4071.707 4077.065 4087.628 4100.677 4117.916 4136.235 4152.266 4158.807 4158.895 4160.536 4165.423 4174.164 4183.126 4188.998 4198.95
3088.987 3116.793 3142.098 3167.035 3189.207 3214.116 3244.846 3273.081 3293.682 3312.932 3332.639 3358.45 3387.081 3419.15 3452.756 3483.07 3510.368 3533.194 3555.812 3580.349 3604.031 3619.965 3637.766 3667.442 3695.168 3718.231 3735.553 3745.85 3757.986 3776.477 3797.26 3816.983 3838.384 3861.746 3887.072 3910.691 3918.538 3933.336 3953.542 3969.678 3983.632 4001.8 4020.115 4033.805 4046.351 4058.79 4070.903 4080.479 4085.621 4091.01 4100.885 4115.096 4132.943 4151.283 4168.881 4178.969 4180.215 4180.455 4183.144 4188.728 4197.091 4199.925 4205.23
3074.82 3104.483 3128.908 3150.869 3173.382 3201.573 3234.424 3262.364 3281.866 3300.773 3322.598 3349.558 3383.05 3418.542 3448.158 3475.023 3503.571 3526.613 3546.752 3568.129 3587.571 3608.029 3624.337 3654.916 3683.956 3700.39 3711.71 3725.063 3741.724 3766.295 3788.31 3810.583 3833.987 3855.065 3872.077 3888.955 3904.916 3922.241 3940.31 3958.948 3981.199 4004.269 4020.771 4030.072 4039.977 4050.285 4064.484 4078.923 4090.172 4099.284 4109.818 4124.707 4141.981 4158.47 4174.13 4186.825 4192.88 4193.225 4191.934 4193.603 4200.5 4205.527 4208.814
3062.097 3091.034 3117.374 3140.612 3165.873 3197.959 3230.138 3255.856 3274.99 3294.06 3317.112 3347.127 3382.102 3415.892 3443.778 3467.678 3491.723 3510.846 3527.398 3549.19 3571.18 3596.49 3621.084 3647.567 3671.923 3684.139 3694.307 3713.877 3739.146 3767.07 3787.068 3805.164 3824.113 3840.335 3853.666 3873.91 3894.812 3910.62 3926.465 3945.938 3967.852 3987.493 4003.624 4015.534 4024.981 4036.834 4052.876 4069.787 4085.155 4098.345 4111.407 4125.523 4136.886 4146.805 4155.793 4161.995 4169.395 4174.305 4174.879 4178.969 4187.521 4195.419 4199.495
3053.523 3082.565 3110.926 3137.143 3166.096 3198.847 3227.001 3250.3 3270.994 3291.769 3316.257 3346.791 3378.834 3406.493 3433.658 3457.547 3476.233 3492.917 3513.81 3538.835 3564.396 3589.604 3617.476 3640.681 3655.989 3667.277 3688.782 3713.361 3732.04 3757.298 3777.104 3791.27 3804.734 3820.707 3839.552 3862.055 3876.859 3894.364 3913.235 3931.505 3950.528 3968.315 3982.998 3997.826 4013.707 4029.153 4045.27 4062.651 4079.969 4095.402 4108.072 4115.007 4119.093 4126.53 4133.661 4139.184 4143.48 4146.594 4152.078 4159.818 4168.302 4175.108 4178.757
