s.txt
ncols         192
nrows         204
xllcorner     468978.06595598
yllcorner     3435733.6475932
cellsize      30
NODATA_value  -9999
[rows 168 to 195 of 204, columns 126 to 188 of 192]
3259.625 3239.124 3218.989 3197.252 3179.084 3163.55 3152.131 3142.422 3130.213 3112.631 3096.073 3095.98 3116.224 3140.173 3164.061 3187.728 3209.017 3227.853 3246.232 3264.884 3282.362 3299.075 3312.935 3324.751 3338.256 3353.836 3368.332 3381.747 3391.756 3389.572 3369.156 3338.027 3312.211 3301.147 3290.971 3274.752 3259.345 3247.957 3234.998 3222.566 3218.776 3218.145 3216.486 3223.978 3227.483 3220.223 3212.079 3203.18 3191.915 3177.012 3163.683 3150.819 3131.582 3110.487 3088.482 3060.25 3033.041 3011.448 2995.137 2969.979 2947.031 2928.12 2912.033
3264.478 3246.603 3227.333 3208.146 3188.214 3169.145 3156.359 3144.991 3133.29 3113.307 3101.163 3108.995 3128.676 3151.867 3176.324 3200.138 3220.559 3240.928 3261.611 3281.135 3298.955 3319.098 3335.818 3346.506 3356.271 3369.185 3384.077 3395.692 3399.493 3391.318 3366.875 3332.643 3303.041 3283.924 3268.506 3252.444 3236.568 3223.317 3211.96 3198.557 3194.302 3194.141 3192.656 3201.145 3203.031 3195.11 3188.87 3184.047 3171.489 3153.426 3138.8 3128.565 3114.185 3095.501 3074.426 3045.877 3016.828 2994.485 2977.417 2956.848 2937.259 2921.319 2907.415
3266.896 3250.33 3232.721 3215.391 3196.414 3176.446 3161.498 3148.319 3134.684 3116.264 3112.1 3126.565 3145.152 3165.015 3189.926 3213.513 3236.095 3259.017 3278.256 3295.477 3313.372 3335.879 3353.894 3366.102 3374.512 3384.687 3398.071 3406.449 3402.179 3387.929 3361.419 3328.203 3298.845 3274.309 3251.107 3231.537 3215.871 3199.739 3188.79 3176.864 3170.866 3170.255 3170.474 3178.373 3178.723 3170.372 3165.351 3162.908 3154.962 3138.485 3118.895 3106.098 3093.694 3074.891 3053.514 3028.381 3003.001 2981.678 2964.396 2945.632 2927.758 2913.515 2901.914
3267.874 3251.684 3235.139 3215.851 3196.642 3177.531 3161.849 3148.959 3136.112 3123.958 3126.349 3144.471 3161.369 3177.255 3199.809 3224.988 3251.164 3278.346 3295.966 3311.428 3329.484 3348.294 3366.121 3382.06 3393.222 3401.979 3411.425 3413.319 3399.754 3380.29 3355.373 3324.927 3296.194 3268.18 3240.58 3216.726 3197.401 3180.214 3167.472 3156.388 3147.955 3146.472 3146.789 3154.61 3156.549 3147.825 3139.908 3136.504 3133.886 3128.506 3109.172 3088.556 3072.986 3058.863 3039.177 3015.564 2991.812 2971.282 2951.882 2934.006 2918.089 2905.878 2896.361
3272.336 3256.43 3241.389 3220.337 3198.921 3175.816 3156.216 3144.402 3133.593 3131.953 3144.929 3164.804 3180.198 3194.788 3212.023 3233.492 3260.288 3285.53 3307.262 3326.802 3345.716 3363.227 3378.4 3393.956 3408.304 3418.12 3423.563 3414.737 3393.254 3372.238 3349.872 3320.965 3291.821 3263.943 3236.727 3211.334 3188.79 3168.939 3153.215 3139.099 3127.945 3123.237 3123.719 3131.466 3137.195 3128.476 3115.073 3109.976 3111.58 3113.179 3098.893 3076.518 3055.759 3038.645 3020.402 2999.415 2979.26 2960.58 2940.784 2923.201 2909.478 2899.834 2891.345
3276.807 3260.68 3243.09 3222.905 3202.456 3178.468 3156.947 3142.621 3134.077 3137.844 3158.745 3179.032 3197.157 3214.062 3231.049 3247.858 3266.836 3288.625 3313.059 3335.102 3358.993 3378.127 3394.647 3409.984 3422.644 3430.636 3430.348 3415.001 3393.607 3371.975 3348.44 3320.063 3290.839 3265.584 3240.926 3214.922 3190.335 3171.503 3156.052 3138.839 3120.223 3106.604 3101.899 3108.195 3116.303 3107.944 3089.963 3083.847 3089.555 3094.55 3083.314 3063.541 3042.902 3021.99 3002.06 2981.086 2962.623 2945.128 2927.806 2911.091 2901.722 2894.401 2882.553
3272.866 3255.099 3237.927 3220.859 3201.666 3180.277 3157.015 3145.086 3142.776 3148.266 3165.904 3188.037 3209.894 3232.427 3249.188 3265.311 3280.415 3296.829 3319.341 3342.062 3366.955 3389.595 3410.097 3425.677 3436.116 3440.156 3433.343 3415.007 3397.01 3373.123 3348.846 3322.826 3295.968 3274.296 3252.501 3229.235 3206.224 3187.606 3170.681 3151.233 3128.189 3109.003 3090.558 3086.062 3091.409 3083.989 3067.554 3060.792 3066.459 3071.019 3065.292 3048.24 3025.774 3005.58 2985.658 2964.173 2940.966 2922.79 2909.7 2900.553 2894.005 2884.621 2872.84
3267.452 3249.36 3231.399 3214.697 3197.369 3178.756 3160.729 3150.403 3147.428 3153.079 3170.812 3192.077 3215.752 3239.95 3259.826 3277.499 3296.823 3315.691 3334.409 3353.846 3375.295 3397.541 3418.751 3434.504 3443.766 3442.483 3432.101 3408.049 3388.519 3369.056 3348.03 3327.144 3307.708 3288.552 3266.193 3245.773 3224.191 3203.361 3184.33 3162.877 3138.135 3114.26 3090.452 3073.307 3068.308 3061.44 3047.679 3039.422 3042.527 3045.048 3043.349 3032.069 3007.33 2986.612 2969.099 2947.69 2923.935 2909.515 2901.816 2892.545 2881.879 2872.047 2866.466
3262.173 3243.457 3225.262 3206.015 3187.312 3176.031 3165.907 3157.071 3157.392 3166.016 3177.419 3195.085 3217.874 3240.483 3261.358 3280.941 3303.748 3329.131 3349.837 3370.121 3389.643 3407.792 3425.411 3439.332 3445.512 3442.542 3427.026 3400.908 3376.461 3357.436 3342.147 3327.659 3312.001 3292.147 3269.212 3248.837 3228.957 3210.389 3190.335 3168.993 3144.489 3117.847 3093.484 3070.74 3051.966 3038.856 3027.058 3019.459 3019.937 3020.301 3018.845 3009.855 2988.313 2966.153 2950.742 2929.914 2909.521 2899.722 2891.539 2879.108 2868.335 2864.995 2864.193
3259.312 3240.922 3222.641 3200.327 3181.416 3175.263 3167.346 3165.432 3171.24 3180.957 3194.365 3210.246 3226.459 3244.251 3264.49 3287.173 3311.39 3335.615 3356.369 3379.099 3399.525 3419.169 3435.642 3444.2 3443.902 3433.543 3414.988 3395.029 3371.269 3350.632 3333.24 3318.748 3304.135 3286.617 3266.999 3241.725 3217.696 3201.059 3183.871 3161.247 3139.003 3116.672 3095.896 3071.908 3047.839 3024.953 3009.507 3000.745 2998.053 2996.73 2994.985 2989.908 2975.013 2951.304 2929.817 2912.893 2900.64 2887.403 2875.505 2868.525 2864.818 2864.015 2864.003
3258.255 3238.322 3220.765 3208.438 3197.883 3192.942 3186.275 3179.669 3183.899 3197.854 3212.219 3226.979 3242.299 3257.648 3272.23 3292.092 3314.084 3337.44 3359.912 3383.111 3402.649 3421 3436.565 3443.307 3441.614 3430.866 3413.62 3397.283 3380.042 3361.539 3340.606 3319.82 3299.452 3277.294 3255.292 3231.584 3207.427 3185.379 3167.241 3148.637 3125.811 3103.982 3088.083 3069.883 3047.483 3025.674 3011.365 2997.521 2984.528 2975.208 2969.848 2964.993 2953.171 2933.977 2915.792 2904.042 2889.917 2873.07 2866.766 2864.867 2863.548 2863.842 2864
3263.393 3248.37 3238.995 3228.467 3219.066 3213.056 3206.641 3197.357 3196.462 3211.279 3231.395 3246.594 3258.238 3271.115 3285.568 3300.679 3317.301 3337.616 3360.693 3384.432 3402.807 3420.228 3435.875 3444.1 3444.699 3435.095 3422.217 3407.751 3388.377 3368.583 3347.125 3326.754 3303.301 3281.482 3256.06 3231.548 3213.529 3190.978 3167.922 3147.34 3126.025 3107.769 3093.751 3074.215 3056.176 3039.835 3026.002 3007.336 2988.042 2970.87 2953.677 2942.055 2932.226 2919.812 2907.007 2895.263 2877.496 2867.76 2865.088 2863.575 2863.5 2863.522 2864.794
3279.769 3270.763 3259.647 3250.958 3242.572 3233.145 3223.673 3212.311 3210.01 3220.821 3244.949 3265.101 3277.939 3288.044 3297.338 3311.535 3328.073 3346.129 3368.996 3390.665 3403.93 3417.111 3431.193 3443.569 3446.415 3436.527 3424.915 3409.483 3391.626 3372.306 3351.361 3331.102 3310.944 3291.081 3270.385 3253.184 3232.89 3209.837 3186.574 3162.861 3141.226 3124.595 3107.945 3087.71 3066.564 3051.378 3033.425 3011.836 2992.575 2971.897 2953.902 2936.957 2923.159 2908.423 2897.772 2885.168 2871.402 2863.824 2863.626 2863.5 2863.872 2864.338 2865.473
3300.841 3293.239 3283.688 3276.573 3267.045 3255.802 3243.885 3231.44 3222.247 3227.356 3247.749 3268.922 3291.838 3306.202 3317.115 3327.065 3341.189 3358.333 3377.39 3395.975 3408.512 3418.849 3432.319 3441.573 3440.318 3431.207 3417.344 3402.985 3386.29 3368.362 3348.015 3329.82 3313.757 3295.533 3272.586 3257.241 3239.868 3221.328 3202.564 3178.233 3155.589 3134.749 3115.837 3096.407 3078.296 3060.495 3042.305 3025.088 3004.763 2981.264 2961.261 2942.736 2925.526 2907.446 2893.435 2874.871 2864.279 2863.5 2863.5 2863.915 2864.901 2865.123 2867.855
3321.193 3317.183 3308.764 3302.167 3291.282 3280.474 3268.19 3255.709 3245.765 3248.367 3261.648 3277.72 3298.563 3324.345 3339.204 3348.403 3357.719 3370.972 3387.888 3404.759 3418.494 3428.267 3434.42 3435.981 3433.577 3424.056 3410.782 3396.745 3382.799 3368.014 3350.436 3329.402 3309.321 3292.993 3277.521 3260.816 3244.392 3230.722 3211.445 3188.588 3165.724 3146.033 3126.69 3106.279 3088.685 3072.062 3057.215 3038.758 3014.322 2989.735 2970.899 2954.384 2936.2 2914.464 2891.082 2866.547 2863.065 2863.133 2863.908 2865.296 2865.711 2866.508 2873.042
3347.924 3346.5 3339.01 3328.823 3317.196 3306.06 3292.398 3276.26 3263.938 3262.175 3273.385 3294.398 3315.51 3339.957 3362.213 3374.582 3381.056 3388.218 3402.794 3419.399 3430.581 3434.589 3434.902 3435.863 3434.061 3421.678 3406.865 3390.807 3374.159 3361.242 3350.773 3335.448 3319.932 3306.593 3293.045 3277.268 3260.834 3241.818 3219.09 3195.133 3175.205 3157.252 3137.281 3116.647 3101.514 3084.768 3064.739 3045.343 3022.356 2999.762 2977.978 2957.729 2938.639 2915.351 2888.369 2865.126 2863 2863.252 2865.03 2866.211 2866.45 2868.699 2876.72
3374.452 3375.461 3370.543 3360.996 3345.599 3332.593 3314.626 3295.471 3281.987 3278.133 3288.887 3306.258 3325.818 3350.807 3373.669 3389.952 3402.106 3411.873 3424.676 3434.805 3437.008 3435.692 3435.893 3436.906 3432.792 3421.594 3404.524 3384.303 3364.087 3348.174 3339.155 3332.6 3325.09 3315.959 3303.569 3289.762 3271.94 3249.815 3225.25 3202.318 3184.47 3168.44 3148.773 3131.668 3116.871 3099.826 3074.309 3050.727 3028.828 3004.7 2980.237 2956.392 2934.876 2908.928 2882.473 2864.5 2863 2863.457 2866.12 2866.917 2867.85 2872.302 2879.561
3396.728 3396.366 3392.149 3382.719 3368.611 3348.383 3327.665 3313.094 3302.781 3292.749 3301.236 3321.557 3337.025 3355.291 3375.656 3395.133 3411.349 3422.301 3431.251 3437.672 3436.545 3434.15 3433.707 3429.674 3421.135 3412.548 3398.068 3372.813 3348.511 3333.623 3326.171 3321.509 3318.486 3314.731 3307.178 3294.782 3276.424 3256.111 3233.926 3214.423 3197.26 3182.195 3163.895 3148.308 3132.323 3112.787 3085.503 3058.268 3033.027 3008.921 2982.788 2955.979 2929.009 2899.551 2874.674 2863.73 2863.067 2865.518 2866.769 2867.659 2869.892 2875.779 2881.17
3423.035 3423.076 3416.592 3399.949 3384.146 3363.468 3345.814 3333.354 3323.132 3311.451 3311.597 3327.49 3345.682 3362.764 3380.1 3398.145 3413.215 3423.645 3429.471 3432.107 3429.551 3426.375 3423.753 3415.182 3403.344 3395.522 3384.839 3362.21 3336.16 3320.757 3309.713 3304.469 3304.673 3302.85 3299.611 3292.971 3280.041 3263.784 3246.175 3227.957 3209.298 3188.759 3171.619 3157.22 3141.739 3120.119 3090.793 3061.212 3035.076 3010.949 2983.722 2955.666 2925.698 2893.275 2870.249 2863.349 2863.111 2866.606 2867.332 2868.472 2872.519 2878.256 2882.997
3447.175 3447.562 3437.017 3420.074 3400.374 3380.337 3364.612 3352.02 3341.219 3327.26 3318.907 3325.847 3342.263 3360.886 3380.815 3399.596 3412.858 3421.073 3424.664 3424.653 3419.934 3412.071 3405.265 3395.906 3384.959 3374.359 3368.191 3351.808 3325.421 3307.165 3292.233 3283.271 3283.802 3285.05 3285.953 3284.103 3277.53 3266.893 3253.887 3236.748 3216.11 3194.261 3174.827 3155.181 3135.172 3112.9 3086.186 3060.511 3037.068 3010.842 2983.257 2955.665 2924.707 2890.449 2867.071 2862.699 2864.157 2866.955 2867.687 2869.603 2874.939 2879.633 2884.765
3467.867 3465.756 3453.527 3436.402 3412.275 3395.979 3381.83 3366.743 3353.448 3341.049 3333.931 3330.218 3338.036 3357.446 3378.633 3397.434 3411.144 3418.369 3421.39 3419.382 3407.292 3394.065 3382.082 3372.099 3364.588 3351.648 3347.672 3335.46 3311.786 3292.245 3274.623 3260.882 3259.417 3264.277 3267.583 3268.232 3267.402 3263.007 3252.88 3237.275 3218.033 3198.654 3178.443 3154.038 3130.043 3105.812 3081.455 3062.362 3039.22 3011.676 2985.665 2958.383 2926.887 2891.837 2866.634 2862.5 2863.195 2867.13 2867.96 2870.728 2876.449 2880.808 2886.759
3483.186 3480.092 3468.963 3451.231 3429.839 3410.619 3396.697 3381.621 3367.29 3359.138 3351.078 3339.729 3340.12 3357.315 3378.107 3395.561 3408.945 3418.177 3420.866 3410.905 3393.319 3376.802 3362.766 3350.959 3341.87 3329.644 3325.366 3318.189 3297.013 3275.193 3256.559 3239.487 3236.152 3244.437 3248.088 3246.709 3249.505 3251.292 3245.399 3231.89 3214.86 3195.156 3174.509 3151.39 3128.381 3107.135 3088.125 3069.244 3043.54 3014.66 2988.913 2961.968 2930.61 2895.192 2869.438 2862.755 2862.669 2866.91 2868.14 2871.7 2877.591 2882.116 2888.657
3495.664 3497.229 3486.932 3468.188 3450.103 3427.927 3409.989 3395.148 3383.243 3375.185 3364.901 3351.966 3345.114 3358.28 3377.606 3394.404 3408.767 3418.638 3418.422 3402.193 3384.511 3364.483 3348.25 3333.615 3321.127 3310.602 3302.801 3297.881 3282.411 3259.018 3238.667 3220.667 3215.005 3224.965 3229.95 3224.828 3227.095 3233.583 3233.125 3222.213 3204.631 3183.962 3162.023 3140.895 3122.166 3107.57 3092.787 3072.03 3048.328 3019.678 2992.395 2964.717 2933.337 2898.274 2871.973 2862.959 2862.645 2866.172 2868.054 2872.381 2878.869 2884.323 2891.135
3508.227 3510.828 3498.344 3484.487 3464.929 3442.956 3425.73 3409.729 3396.804 3387.509 3377.682 3362.875 3351.688 3360.596 3377.996 3396.133 3410.823 3418.596 3415.696 3397.261 3378.221 3356.182 3337.281 3321.289 3304.684 3292.337 3280.278 3274.305 3265.3 3246.234 3223.898 3203.287 3195.399 3204.812 3211.742 3204.768 3203.955 3212.669 3215.679 3207.241 3188.814 3166.387 3145.863 3125.611 3107.048 3094.69 3085.347 3071.448 3051.46 3025.796 2997.094 2967.996 2936.591 2902.475 2874.813 2863.153 2862.55 2864.039 2866.556 2870.366 2877.858 2885.504 2892.916
3520.942 3520.399 3508.149 3491.409 3475.662 3457.505 3441.74 3424.553 3409.472 3399.309 3386.856 3369.876 3357.472 3365.298 3382.725 3400.915 3413.495 3418.731 3414.812 3398.389 3379.266 3356.93 3336.33 3314.822 3295.505 3276.698 3262.123 3251.933 3245.84 3232.511 3211.697 3191.2 3178.152 3185.229 3193.411 3184.042 3181.346 3191.448 3194.323 3187.046 3172.92 3148.029 3126.326 3107.879 3089.567 3076.01 3069.865 3065.081 3050.708 3028.671 3001.128 2973.201 2943.814 2911.04 2880.99 2863.595 2862.5 2862.643 2863.83 2866.759 2873.418 2882.645 2892.525
3534.176 3532.146 3520.487 3505.738 3489.315 3475.879 3457.734 3440.713 3426.467 3409.942 3391.847 3377.072 3366.82 3376.252 3391.079 3406.45 3417.376 3422.594 3419.714 3404.379 3386.55 3363.744 3340.557 3315.247 3295.036 3270.743 3248.925 3233.807 3225.334 3217.843 3201.55 3179.611 3162.131 3166.674 3173.694 3163.753 3160.074 3168.813 3169.923 3164.16 3157.181 3133.576 3108.68 3088.998 3072.081 3058.603 3051.604 3050.982 3044.364 3027.045 3003.235 2978.395 2953.855 2924.277 2892.601 2864.459 2862.485 2862.169 2862.256 2863.363 2867.612 2877.544 2890.95
3545.57 3545.569 3535.84 3524.932 3507.726 3491.36 3473.937 3458.052 3442.551 3421.654 3400.993 3384.453 3376.244 3386.906 3401.827 3414.434 3423.546 3428.572 3426.542 3411.301 3393.331 3370.046 3345.594 3322.213 3301.488 3272.528 3242.274 3223.444 3210.99 3201.303 3189.325 3167.512 3146.834 3146.287 3150.606 3142.148 3137.068 3142.795 3144 3140.541 3138.943 3123.632 3100.001 3076.651 3056.294 3041.458 3032.148 3033.096 3031.004 3016.745 3000.769 2980.702 2960.55 2936.484 2908.113 2874.931 2865.576 2864.142 2862 2862 2863.381 2872.978 2889.078
3552.067 3557.842 3551.768 3539.62 3525.703 3502.895 3486.818 3472.14 3454 3431.552 3411.866 3393.431 3387.016 3400.64 3417.026 3427.146 3431.661 3435.166 3432.278 3416.613 3398.983 3374.883 3350.017 3329.455 3307.858 3277.935 3245.896 3224.318 3209.398 3194.092 3179.715 3158.232 3137.418 3126.498 3125.535 3118.204 3112.151 3115.669 3119.254 3117.315 3116.558 3109.433 3093.358 3070.307 3044.289 3025.614 3013.285 3013.688 3011.052 2996.305 2985.599 2969.225 2952.223 2934.62 2914.965 2888.528 2874.929 2869.229 2864.213 2862 2862 2871.063 2889.189
